{
  "meta": {
    "method": "quantile",
    "strategy": "global",
    "quantile": 0.5,
    "date": "2025-08-31T18:23:26",
    "seed": 42,
    "features": "both",
    "zscore": false
  },
  "thresholds": {
    "hu1_mean": 2.8516438007354736,
    "hu2_mean": 5.959217071533203,
    "hu3_mean": 8.893959999084473,
    "hu4_mean": 9.130511283874512,
    "hu5_mean": 17.31757926940918,
    "hu6_mean": 11.65097713470459,
    "hu7_mean": 0.0,
    "hu1_std": 0.0469484068453311,
    "hu2_std": 0.1479464173316955,
    "hu3_std": 0.2352702468633651,
    "hu4_std": 0.2806368172168731,
    "hu5_std": 0.5559144616127014,
    "hu6_std": 0.3700141310691833,
    "hu7_std": 19.7442626953125,
    "n_points": 1024.0,
    "lambda1": 0.0795581340789794,
    "lambda2": 0.0057566110044717,
    "lambda3": 0.0036155811976641,
    "r1": 0.8927239179611206,
    "r2": 0.0659390836954116,
    "r3": 0.0421019755303859,
    "ratio12": 13.552153587341309,
    "ratio23": 1.5640084743499756,
    "trace": 0.0899751931428909,
    "proj_hist_bin_0": 0.3095703125,
    "proj_hist_bin_1": 0.2744140625,
    "proj_hist_bin_2": 0.1806640625,
    "proj_hist_bin_3": 0.0908203125,
    "proj_hist_bin_4": 0.044921875,
    "proj_hist_bin_5": 0.02734375,
    "proj_hist_bin_6": 0.021484375,
    "proj_hist_bin_7": 0.02734375
  }
}