hu_features:
  hu1_mean: 2.92054545879364
  hu1_std: 0.0441674590110778
  hu2_mean: 6.164539098739624
  hu2_std: 0.18318670243024826
  hu3_mean: 9.411531925201416
  hu3_std: 0.2988367974758148
  hu4_mean: 9.735145568847656
  hu4_std: 0.38005419075489044
  hu5_mean: 17.249805450439453
  hu5_std: 0.9369876086711884
  hu6_mean: 11.47162389755249
  hu6_std: 0.624764621257782
  hu7_mean: 0.0
  hu7_std: 20.55762004852295
pca_features:
  lambda1: 0.08815088495612139
  lambda2: 0.00751827773638065
  lambda3: 0.00452188774943345
  n_points: 1024.0
  proj_hist_bin_0: 0.3212890625
  proj_hist_bin_1: 0.2861328125
  proj_hist_bin_2: 0.1748046875
  proj_hist_bin_3: 0.078125
  proj_hist_bin_4: 0.03369140625
  proj_hist_bin_5: 0.0224609375
  proj_hist_bin_6: 0.017578125
  proj_hist_bin_7: 0.0224609375
  r1: 0.8745691776275635
  r2: 0.07886201888322825
  r3: 0.046991631388664204
  ratio12: 11.126380443572998
  ratio23: 1.6511560082435608
  trace: 0.10343191027641295
